      0.0000000000000000        0.0000000000000000        0.0000000000000000     
   2.6315789473684210E-003   0.0000000000000000        0.0000000000000000     
   7.8947368421052634E-003   0.0000000000000000        0.0000000000000000     
   1.3157894736842105E-002   0.0000000000000000        0.0000000000000000     
   1.8421052631578946E-002   0.0000000000000000        0.0000000000000000     
   2.3684210526315787E-002   0.0000000000000000        0.0000000000000000     
   2.8947368421052628E-002   0.0000000000000000        0.0000000000000000     
   3.4210526315789469E-002   0.0000000000000000        0.0000000000000000     
   3.9473684210526314E-002   0.0000000000000000        0.0000000000000000     
   4.4736842105263158E-002   0.0000000000000000        0.0000000000000000     
   5.0000000000000003E-002   0.0000000000000000        0.0000000000000000     
   5.5263157894736847E-002   0.0000000000000000        0.0000000000000000     
   6.0526315789473692E-002   0.0000000000000000        0.0000000000000000     
   6.5789473684210537E-002   0.0000000000000000        0.0000000000000000     
   7.1052631578947381E-002   0.0000000000000000        0.0000000000000000     
   7.6315789473684226E-002   0.0000000000000000        0.0000000000000000     
   8.1578947368421070E-002   0.0000000000000000        0.0000000000000000     
   8.6842105263157915E-002   0.0000000000000000        0.0000000000000000     
   9.2105263157894759E-002   0.0000000000000000        0.0000000000000000     
   9.7368421052631604E-002   0.0000000000000000        0.0000000000000000     
  0.10000000000000001        0.0000000000000000        0.0000000000000000     
   0.0000000000000000        2.6315789473684210E-003   0.0000000000000000     
   2.6315789473684210E-003   2.6315789473684210E-003   2.2671033369476337E-004
   7.8947368421052634E-003   2.6315789473684210E-003   3.5121979928124449E-004
   1.3157894736842105E-002   2.6315789473684210E-003   1.7497485928128942E-003
   1.8421052631578946E-002   2.6315789473684210E-003   4.4157886651438197E-003
   2.3684210526315787E-002   2.6315789473684210E-003   7.6835306315595807E-003
   2.8947368421052628E-002   2.6315789473684210E-003   1.1071116448374217E-002
   3.4210526315789469E-002   2.6315789473684210E-003   1.4166217562575779E-002
   3.9473684210526314E-002   2.6315789473684210E-003   1.6638726061719938E-002
   4.4736842105263158E-002   2.6315789473684210E-003   1.8247621340153498E-002
   5.0000000000000003E-002   2.6315789473684210E-003   1.8839420515797480E-002
   5.5263157894736847E-002   2.6315789473684210E-003   1.8352427569504323E-002
   6.0526315789473692E-002   2.6315789473684210E-003   1.6812536924662117E-002
   6.5789473684210537E-002   2.6315789473684210E-003   1.4351182695615980E-002
   7.1052631578947381E-002   2.6315789473684210E-003   1.1210628218883856E-002
   7.6315789473684226E-002   2.6315789473684210E-003   7.7461128832165167E-003
   8.1578947368421070E-002   2.6315789473684210E-003   4.4159851718899440E-003
   8.6842105263157915E-002   2.6315789473684210E-003   1.7468959643285062E-003
   9.2105263157894759E-002   2.6315789473684210E-003   3.4202318986405780E-004
   9.7368421052631604E-002   2.6315789473684210E-003   5.8009149403625009E-004
  0.10000000000000001        2.6315789473684210E-003   0.0000000000000000     
   0.0000000000000000        7.8947368421052634E-003   0.0000000000000000     
   2.6315789473684210E-003   7.8947368421052634E-003   3.3569165196092003E-004
   7.8947368421052634E-003   7.8947368421052634E-003   2.8813251998948681E-003
   1.3157894736842105E-002   7.8947368421052634E-003   8.0668786396291357E-003
   1.8421052631578946E-002   7.8947368421052634E-003   1.4974794437660078E-002
   2.3684210526315787E-002   7.8947368421052634E-003   2.2813888110870685E-002
   2.8947368421052628E-002   7.8947368421052634E-003   3.0735528740383024E-002
   3.4210526315789469E-002   7.8947368421052634E-003   3.7905451323329134E-002
   3.9473684210526314E-002   7.8947368421052634E-003   4.3607583646256019E-002
   4.4736842105263158E-002   7.8947368421052634E-003   4.7300961708172155E-002
   5.0000000000000003E-002   7.8947368421052634E-003   4.8639788756273082E-002
   5.5263157894736847E-002   7.8947368421052634E-003   4.7491879314102627E-002
   6.0526315789473692E-002   7.8947368421052634E-003   4.3929214058177339E-002
   6.5789473684210537E-002   7.8947368421052634E-003   3.8259265459265675E-002
   7.1052631578947381E-002   7.8947368421052634E-003   3.1021385577350340E-002
   7.6315789473684226E-002   7.8947368421052634E-003   2.2967014734847718E-002
   8.1578947368421070E-002   7.8947368421052634E-003   1.4998965729317557E-002
   8.6842105263157915E-002   7.8947368421052634E-003   8.0408595416239272E-003
   9.2105263157894759E-002   7.8947368421052634E-003   2.8050323697785188E-003
   9.7368421052631604E-002   7.8947368421052634E-003   3.0323763111360423E-004
  0.10000000000000001        7.8947368421052634E-003   0.0000000000000000     
   0.0000000000000000        1.3157894736842105E-002   0.0000000000000000     
   2.6315789473684210E-003   1.3157894736842105E-002   1.6547990334421804E-003
   7.8947368421052634E-003   1.3157894736842105E-002   8.1966890859393338E-003
   1.3157894736842105E-002   1.3157894736842105E-002   1.7261242927597540E-002
   1.8421052631578946E-002   1.3157894736842105E-002   2.7811421524886724E-002
   2.3684210526315787E-002   1.3157894736842105E-002   3.8963843850934772E-002
   2.8947368421052628E-002   1.3157894736842105E-002   4.9842185618146198E-002
   3.4210526315789469E-002   1.3157894736842105E-002   5.9519106272803539E-002
   3.9473684210526314E-002   1.3157894736842105E-002   6.7148023064387399E-002
   4.4736842105263158E-002   1.3157894736842105E-002   7.2066152707267989E-002
   5.0000000000000003E-002   1.3157894736842105E-002   7.3843514921526535E-002
   5.5263157894736847E-002   1.3157894736842105E-002   7.2318935648438082E-002
   6.0526315789473692E-002   1.3157894736842105E-002   6.7589110517658091E-002
   6.5789473684210537E-002   1.3157894736842105E-002   6.0038055513938225E-002
   7.1052631578947381E-002   1.3157894736842105E-002   5.0314161938362058E-002
   7.6315789473684226E-002   1.3157894736842105E-002   3.9282894650624178E-002
   8.1578947368421070E-002   1.3157894736842105E-002   2.7932771515297689E-002
   8.6842105263157915E-002   1.3157894736842105E-002   1.7237985518463939E-002
   9.2105263157894759E-002   1.3157894736842105E-002   8.0554294544127672E-003
   9.7368421052631604E-002   1.3157894736842105E-002   1.3685968476795447E-003
  0.10000000000000001        1.3157894736842105E-002   0.0000000000000000     
   0.0000000000000000        1.8421052631578946E-002   0.0000000000000000     
   2.6315789473684210E-003   1.8421052631578946E-002   4.4814458797450491E-003
   7.8947368421052634E-003   1.8421052631578946E-002   1.5976014434694142E-002
   1.3157894736842105E-002   1.8421052631578946E-002   2.9203151023266413E-002
   1.8421052631578946E-002   1.8421052631578946E-002   4.3057723882634520E-002
   2.3684210526315787E-002   1.8421052631578946E-002   5.6694393036073716E-002
   2.8947368421052628E-002   1.8421052631578946E-002   6.9408835551040604E-002
   3.4210526315789469E-002   1.8421052631578946E-002   8.0425100766863988E-002
   3.9473684210526314E-002   1.8421052631578946E-002   8.8986909014442089E-002
   4.4736842105263158E-002   1.8421052631578946E-002   9.4475014854782075E-002
   5.0000000000000003E-002   1.8421052631578946E-002   9.6476453300266191E-002
   5.5263157894736847E-002   1.8421052631578946E-002   9.4836201750782848E-002
   6.0526315789473692E-002   1.8421052631578946E-002   8.9644663963243901E-002
   6.5789473684210537E-002   1.8421052631578946E-002   8.1258011949566139E-002
   7.1052631578947381E-002   1.8421052631578946E-002   7.0255106997166639E-002
   7.6315789473684226E-002   1.8421052631578946E-002   5.7375988562206624E-002
   8.1578947368421070E-002   1.8421052631578946E-002   4.3439135356194730E-002
   8.6842105263157915E-002   1.8421052631578946E-002   2.9275778798624454E-002
   9.2105263157894759E-002   1.8421052631578946E-002   1.5780304622256432E-002
   9.7368421052631604E-002   1.8421052631578946E-002   4.1557189887978978E-003
  0.10000000000000001        1.8421052631578946E-002   0.0000000000000000     
   0.0000000000000000        2.3684210526315787E-002   0.0000000000000000     
   2.6315789473684210E-003   2.3684210526315787E-002   8.4837650464965001E-003
   7.8947368421052634E-003   2.3684210526315787E-002   2.6206126033314736E-002
   1.3157894736842105E-002   2.3684210526315787E-002   4.4013092050971016E-002
   1.8421052631578946E-002   2.3684210526315787E-002   6.0962804560910251E-002
   2.3684210526315787E-002   2.3684210526315787E-002   7.6432625789046166E-002
   2.8947368421052628E-002   2.3684210526315787E-002   9.0066838440831326E-002
   3.4210526315789469E-002   2.3684210526315787E-002  0.10144429981902738     
   3.9473684210526314E-002   2.3684210526315787E-002  0.11009524738129306     
   4.4736842105263158E-002   2.3684210526315787E-002  0.11559957427168337     
   5.0000000000000003E-002   2.3684210526315787E-002  0.11765913212754479     
   5.5263157894736847E-002   2.3684210526315787E-002  0.11615764207442572     
   6.0526315789473692E-002   2.3684210526315787E-002  0.11114518593261764     
   6.5789473684210537E-002   2.3684210526315787E-002  0.10284467432228998     
   7.1052631578947381E-002   2.3684210526315787E-002   9.1594619635639640E-002
   7.6315789473684226E-002   2.3684210526315787E-002   7.7795649614856216E-002
   8.1578947368421070E-002   2.3684210526315787E-002   6.1882152303007698E-002
   8.6842105263157915E-002   2.3684210526315787E-002   4.4368322652231049E-002
   9.2105263157894759E-002   2.3684210526315787E-002   2.6025161760172815E-002
   9.7368421052631604E-002   2.3684210526315787E-002   8.0788257805907131E-003
  0.10000000000000001        2.3684210526315787E-002   0.0000000000000000     
   0.0000000000000000        2.8947368421052628E-002   0.0000000000000000     
   2.6315789473684210E-003   2.8947368421052628E-002   1.3590579093044794E-002
   7.8947368421052634E-003   2.8947368421052628E-002   3.8923961073604234E-002
   1.3157894736842105E-002   2.8947368421052628E-002   6.1878760193820700E-002
   1.8421052631578946E-002   2.8947368421052628E-002   8.1828059840310136E-002
   2.3684210526315787E-002   2.8947368421052628E-002   9.8564465892401587E-002
   2.8947368421052628E-002   2.8947368421052628E-002  0.11226820681123122     
   3.4210526315789469E-002   2.8947368421052628E-002  0.12307301095018527     
   3.9473684210526314E-002   2.8947368421052628E-002  0.13099202231837270     
   4.4736842105263158E-002   2.8947368421052628E-002  0.13596776708677358     
   5.0000000000000003E-002   2.8947368421052628E-002  0.13792466455974553     
   5.5263157894736847E-002   2.8947368421052628E-002  0.13682246607417983     
   6.0526315789473692E-002   2.8947368421052628E-002  0.13263632911434950     
   6.5789473684210537E-002   2.8947368421052628E-002  0.12534321580627786     
   7.1052631578947381E-002   2.8947368421052628E-002  0.11486223306697527     
   7.6315789473684226E-002   2.8947368421052628E-002  0.10103590966709902     
   8.1578947368421070E-002   2.8947368421052628E-002   8.3693241774922655E-002
   8.6842105263157915E-002   2.8947368421052628E-002   6.2832941523613878E-002
   9.2105263157894759E-002   2.8947368421052628E-002   3.8926667223633457E-002
   9.7368421052631604E-002   2.8947368421052628E-002   1.3119872551362294E-002
  0.10000000000000001        2.8947368421052628E-002   0.0000000000000000     
   0.0000000000000000        3.4210526315789469E-002   0.0000000000000000     
   2.6315789473684210E-003   3.4210526315789469E-002   1.9806094908548344E-002
   7.8947368421052634E-003   3.4210526315789469E-002   5.4184605890440087E-002
   1.3157894736842105E-002   3.4210526315789469E-002   8.2914521641333366E-002
   1.8421052631578946E-002   3.4210526315789469E-002  0.10580131647137851     
   2.3684210526315787E-002   3.4210526315789469E-002  0.12324256772039002     
   2.8947368421052628E-002   3.4210526315789469E-002  0.13614862619790793     
   3.4210526315789469E-002   3.4210526315789469E-002  0.14540810961160588     
   3.9473684210526314E-002   3.4210526315789469E-002  0.15171882824194338     
   4.4736842105263158E-002   3.4210526315789469E-002  0.15556666798410729     
   5.0000000000000003E-002   3.4210526315789469E-002  0.15722832637398920     
   5.5263157894736847E-002   3.4210526315789469E-002  0.15678984038897731     
   6.0526315789473692E-002   3.4210526315789469E-002  0.15411878903868198     
   6.5789473684210537E-002   3.4210526315789469E-002  0.14882252866211418     
   7.1052631578947381E-002   3.4210526315789469E-002  0.14020693487864999     
   7.6315789473684226E-002   3.4210526315789469E-002  0.12732391324857434     
   8.1578947368421070E-002   3.4210526315789469E-002  0.10915508885883525     
   8.6842105263157915E-002   3.4210526315789469E-002   8.4950935337071973E-002
   9.2105263157894759E-002   3.4210526315789469E-002   5.4687412163052049E-002
   9.7368421052631604E-002   3.4210526315789469E-002   1.9355217204567354E-002
  0.10000000000000001        3.4210526315789469E-002   0.0000000000000000     
   0.0000000000000000        3.9473684210526314E-002   0.0000000000000000     
   2.6315789473684210E-003   3.9473684210526314E-002   2.7196350522805599E-002
   7.8947368421052634E-003   3.9473684210526314E-002   7.2088288691754432E-002
   1.3157894736842105E-002   3.9473684210526314E-002  0.10717908253925258     
   1.8421052631578946E-002   3.9473684210526314E-002  0.13285345489609038     
   2.3684210526315787E-002   3.9473684210526314E-002  0.15033038138602434     
   2.8947368421052628E-002   3.9473684210526314E-002  0.16145910080884623     
   3.4210526315789469E-002   3.9473684210526314E-002  0.16808072373675562     
   3.9473684210526314E-002   3.9473684210526314E-002  0.17177933080954672     
   4.4736842105263158E-002   3.9473684210526314E-002  0.17378340903557801     
   5.0000000000000003E-002   3.9473684210526314E-002  0.17488394748484812     
   5.5263157894736847E-002   3.9473684210526314E-002  0.17536697853557962     
   6.0526315789473692E-002   3.9473684210526314E-002  0.17496543132147946     
   6.5789473684210537E-002   3.9473684210526314E-002  0.17278176185848815     
   7.1052631578947381E-002   3.9473684210526314E-002  0.16730087208850436     
   7.6315789473684226E-002   3.9473684210526314E-002  0.15653884927772838     
   8.1578947368421070E-002   3.9473684210526314E-002  0.13835981275993353     
   8.6842105263157915E-002   3.9473684210526314E-002  0.11097564483215169     
   9.2105263157894759E-002   3.9473684210526314E-002   7.3600965005418406E-002
   9.7368421052631604E-002   3.9473684210526314E-002   2.6948202048141585E-002
  0.10000000000000001        3.9473684210526314E-002   0.0000000000000000     
   0.0000000000000000        4.4736842105263158E-002   0.0000000000000000     
   2.6315789473684210E-003   4.4736842105263158E-002   3.5891942362357744E-002
   7.8947368421052634E-003   4.4736842105263158E-002   9.2790895856176503E-002
   1.3157894736842105E-002   4.4736842105263158E-002  0.13467405823998627     
   1.8421052631578946E-002   4.4736842105263158E-002  0.16274747650154259     
   2.3684210526315787E-002   4.4736842105263158E-002  0.17934222995102214     
   2.8947368421052628E-002   4.4736842105263158E-002  0.18748833049314431     
   3.4210526315789469E-002   4.4736842105263158E-002  0.19017205487206493     
   3.9473684210526314E-002   4.4736842105263158E-002  0.19005252553082666     
   4.4736842105263158E-002   4.4736842105263158E-002  0.18931279353374925     
   5.0000000000000003E-002   4.4736842105263158E-002  0.18946282958438868     
   5.5263157894736847E-002   4.4736842105263158E-002  0.19110092284673905     
   6.0526315789473692E-002   4.4736842105263158E-002  0.19380738294829833     
   6.5789473684210537E-002   4.4736842105263158E-002  0.19603159834304068     
   7.1052631578947381E-002   4.4736842105263158E-002  0.19522105330502432     
   7.6315789473684226E-002   4.4736842105263158E-002  0.18810755032884346     
   8.1578947368421070E-002   4.4736842105263158E-002  0.17113657267041982     
   8.6842105263157915E-002   4.4736842105263158E-002  0.14110118811526989     
   9.2105263157894759E-002   4.4736842105263158E-002   9.6047760500476878E-002
   9.7368421052631604E-002   4.4736842105263158E-002   3.6149452718266362E-002
  0.10000000000000001        4.4736842105263158E-002   0.0000000000000000     
   0.0000000000000000        5.0000000000000003E-002   0.0000000000000000     
   2.6315789473684210E-003   5.0000000000000003E-002   4.6106101382235094E-002
   7.8947368421052634E-003   5.0000000000000003E-002  0.11650315808943867     
   1.3157894736842105E-002   5.0000000000000003E-002  0.16529613119160380     
   1.8421052631578946E-002   5.0000000000000003E-002  0.19494435979531502     
   2.3684210526315787E-002   5.0000000000000003E-002  0.20931952516702404     
   2.8947368421052628E-002   5.0000000000000003E-002  0.21292902892351617     
   3.4210526315789469E-002   5.0000000000000003E-002  0.21008316417558609     
   3.9473684210526314E-002   5.0000000000000003E-002  0.20466718993589628     
   4.4736842105263158E-002   5.0000000000000003E-002  0.20002734988810686     
   5.0000000000000003E-002   5.0000000000000003E-002  0.19865319547364446     
   5.5263157894736847E-002   5.0000000000000003E-002  0.20163151160688733     
   6.0526315789473692E-002   5.0000000000000003E-002  0.20838125401336638     
   6.5789473684210537E-002   5.0000000000000003E-002  0.21652822577145239     
   7.1052631578947381E-002   5.0000000000000003E-002  0.22226636220925641     
   7.6315789473684226E-002   5.0000000000000003E-002  0.22081701803178930     
   8.1578947368421070E-002   5.0000000000000003E-002  0.20688952069685174     
   8.6842105263157915E-002   5.0000000000000003E-002  0.17535966287140678     
   9.2105263157894759E-002   5.0000000000000003E-002  0.12246305246185159     
   9.7368421052631604E-002   5.0000000000000003E-002   4.7304991213310346E-002
  0.10000000000000001        5.0000000000000003E-002   0.0000000000000000     
   0.0000000000000000        5.5263157894736847E-002   0.0000000000000000     
   2.6315789473684210E-003   5.5263157894736847E-002   5.8186986350716272E-002
   7.8947368421052634E-003   5.5263157894736847E-002  0.14349437223263722     
   1.3157894736842105E-002   5.5263157894736847E-002  0.19874213276607819     
   1.8421052631578946E-002   5.5263157894736847E-002  0.22843260596578419     
   2.3684210526315787E-002   5.5263157894736847E-002  0.23862916972823764     
   2.8947368421052628E-002   5.5263157894736847E-002  0.23568327592497670     
   3.4210526315789469E-002   5.5263157894736847E-002  0.22536717306762319     
   3.9473684210526314E-002   5.5263157894736847E-002  0.21285601570377724     
   4.4736842105263158E-002   5.5263157894736847E-002  0.20282895900339684     
   5.0000000000000003E-002   5.5263157894736847E-002  0.19909606151732862     
   5.5263157894736847E-002   5.5263157894736847E-002  0.20352645829589353     
   6.0526315789473692E-002   5.5263157894736847E-002  0.21536647017774299     
   6.5789473684210537E-002   5.5263157894736847E-002  0.23118629865100068     
   7.1052631578947381E-002   5.5263157894736847E-002  0.24572267823526861     
   7.6315789473684226E-002   5.5263157894736847E-002  0.25254079536858060     
   8.1578947368421070E-002   5.5263157894736847E-002  0.24433393147093788     
   8.6842105263157915E-002   5.5263157894736847E-002  0.21343934835878062     
   9.2105263157894759E-002   5.5263157894736847E-002  0.15328471367949562     
   9.7368421052631604E-002   5.5263157894736847E-002   6.0886387913298590E-002
  0.10000000000000001        5.5263157894736847E-002   0.0000000000000000     
   0.0000000000000000        6.0526315789473692E-002   0.0000000000000000     
   2.6315789473684210E-003   6.0526315789473692E-002   7.2727625976898774E-002
   7.8947368421052634E-003   6.0526315789473692E-002  0.17408806750916847     
   1.3157894736842105E-002   6.0526315789473692E-002  0.23432204701427362     
   1.8421052631578946E-002   6.0526315789473692E-002  0.26143267173682738     
   2.3684210526315787E-002   6.0526315789473692E-002  0.26465394936949665     
   2.8947368421052628E-002   6.0526315789473692E-002  0.25260787368362864     
   3.4210526315789469E-002   6.0526315789473692E-002  0.23255996476564325     
   3.9473684210526314E-002   6.0526315789473692E-002  0.21084961562677890     
   4.4736842105263158E-002   6.0526315789473692E-002  0.19353572677059469     
   5.0000000000000003E-002   6.0526315789473692E-002  0.18623008275014333     
   5.5263157894736847E-002   6.0526315789473692E-002  0.19214497958152343     
   6.0526315789473692E-002   6.0526315789473692E-002  0.21028860599907798     
   6.5789473684210537E-002   6.0526315789473692E-002  0.23574399008430322     
   7.1052631578947381E-002   6.0526315789473692E-002  0.26161685836264020     
   7.6315789473684226E-002   6.0526315789473692E-002  0.27987745060890329     
   8.1578947368421070E-002   6.0526315789473692E-002  0.28109139114796272     
   8.6842105263157915E-002   6.0526315789473692E-002  0.25437118550948390     
   9.2105263157894759E-002   6.0526315789473692E-002  0.18885596493565177     
   9.7368421052631604E-002   6.0526315789473692E-002   7.7561701578193545E-002
  0.10000000000000001        6.0526315789473692E-002   0.0000000000000000     
   0.0000000000000000        6.5789473684210537E-002   0.0000000000000000     
   2.6315789473684210E-003   6.5789473684210537E-002   9.0761702071175870E-002
   7.8947368421052634E-003   6.5789473684210537E-002  0.20858868356499433     
   1.3157894736842105E-002   6.5789473684210537E-002  0.27057009612687760     
   1.8421052631578946E-002   6.5789473684210537E-002  0.29088797506935993     
   2.3684210526315787E-002   6.5789473684210537E-002  0.28335243204399485     
   2.8947368421052628E-002   6.5789473684210537E-002  0.25926569140870609     
   3.4210526315789469E-002   6.5789473684210537E-002  0.22717398020527138     
   3.9473684210526314E-002   6.5789473684210537E-002  0.19404778350743113     
   4.4736842105263158E-002   6.5789473684210537E-002  0.16699805400647294     
   5.0000000000000003E-002   6.5789473684210537E-002  0.15421162954501150     
   5.5263157894736847E-002   6.5789473684210537E-002  0.16165116343726099     
   6.0526315789473692E-002   6.5789473684210537E-002  0.18774022596636247     
   6.5789473684210537E-002   6.5789473684210537E-002  0.22492623324934718     
   7.1052631578947381E-002   6.5789473684210537E-002  0.26461655641502996     
   7.6315789473684226E-002   6.5789473684210537E-002  0.29775239463057990     
   8.1578947368421070E-002   6.5789473684210537E-002  0.31309785448454025     
   8.6842105263157915E-002   6.5789473684210537E-002  0.29597869524425247     
   9.2105263157894759E-002   6.5789473684210537E-002  0.22920855663297671     
   9.7368421052631604E-002   6.5789473684210537E-002   9.8335209921638481E-002
  0.10000000000000001        6.5789473684210537E-002   0.0000000000000000     
   0.0000000000000000        7.1052631578947381E-002   0.0000000000000000     
   2.6315789473684210E-003   7.1052631578947381E-002  0.11406262187697351     
   7.8947368421052634E-003   7.1052631578947381E-002  0.24697736419803915     
   1.3157894736842105E-002   7.1052631578947381E-002  0.30445194186017588     
   1.8421052631578946E-002   7.1052631578947381E-002  0.31165019315844239     
   2.3684210526315787E-002   7.1052631578947381E-002  0.28879899481497889     
   2.8947368421052628E-002   7.1052631578947381E-002  0.25007553185783449     
   3.4210526315789469E-002   7.1052631578947381E-002  0.20463133776394749     
   3.9473684210526314E-002   7.1052631578947381E-002  0.15868097258021316     
   4.4736842105263158E-002   7.1052631578947381E-002  0.11861076587298572     
   5.0000000000000003E-002   7.1052631578947381E-002   9.6118420112192432E-002
   5.5263157894736847E-002   7.1052631578947381E-002  0.10577381935180645     
   6.0526315789473692E-002   7.1052631578947381E-002  0.14319889648417963     
   6.5789473684210537E-002   7.1052631578947381E-002  0.19395270497515707     
   7.1052631578947381E-002   7.1052631578947381E-002  0.24870682838117514     
   7.6315789473684226E-002   7.1052631578947381E-002  0.29927769551226435     
   8.1578947368421070E-002   7.1052631578947381E-002  0.33385777687990209     
   8.6842105263157915E-002   7.1052631578947381E-002  0.33394088805455013     
   9.2105263157894759E-002   7.1052631578947381E-002  0.27356045538170926     
   9.7368421052631604E-002   7.1052631578947381E-002  0.12479528174103745     
  0.10000000000000001        7.1052631578947381E-002   0.0000000000000000     
   0.0000000000000000        7.6315789473684226E-002   0.0000000000000000     
   2.6315789473684210E-003   7.6315789473684226E-002  0.14547160879068857     
   7.8947368421052634E-003   7.6315789473684226E-002  0.28789909572964606     
   1.3157894736842105E-002   7.6315789473684226E-002  0.32975222694324097     
   1.8421052631578946E-002   7.6315789473684226E-002  0.31539019535726787     
   2.3684210526315787E-002   7.6315789473684226E-002  0.27346768042285829     
   2.8947368421052628E-002   7.6315789473684226E-002  0.22082194979958308     
   3.4210526315789469E-002   7.6315789473684226E-002  0.16634056454793281     
   3.9473684210526314E-002   7.6315789473684226E-002  0.11375385943973615     
   4.4736842105263158E-002   7.6315789473684226E-002   6.3648131697927698E-002
   5.0000000000000003E-002   7.6315789473684226E-002   1.4797822162261793E-002
   5.5263157894736847E-002   7.6315789473684226E-002   3.5372676625006580E-002
   6.0526315789473692E-002   7.6315789473684226E-002   8.8781805932618613E-002
   6.5789473684210537E-002   7.6315789473684226E-002  0.14748921714128468     
   7.1052631578947381E-002   7.6315789473684226E-002  0.21149725406006201     
   7.6315789473684226E-002   7.6315789473684226E-002  0.27710673427792182     
   8.1578947368421070E-002   7.6315789473684226E-002  0.33386155708942000     
   8.6842105263157915E-002   7.6315789473684226E-002  0.36018079037536249     
   9.2105263157894759E-002   7.6315789473684226E-002  0.31904386392009293     
   9.7368421052631604E-002   7.6315789473684226E-002  0.15950544686472296     
  0.10000000000000001        7.6315789473684226E-002   0.0000000000000000     
   0.0000000000000000        8.1578947368421070E-002   0.0000000000000000     
   2.6315789473684210E-003   8.1578947368421070E-002  0.18862727916599833     
   7.8947368421052634E-003   8.1578947368421070E-002  0.32532243139881950     
   1.3157894736842105E-002   8.1578947368421070E-002  0.33372964721770482     
   1.8421052631578946E-002   8.1578947368421070E-002  0.29038802319239126     
   2.3684210526315787E-002   8.1578947368421070E-002  0.23404543384220247     
   2.8947368421052628E-002   8.1578947368421070E-002  0.18468172056972298     
   3.4210526315789469E-002   8.1578947368421070E-002  0.15227056403498423     
   3.9473684210526314E-002   8.1578947368421070E-002  0.13759020670657299     
   4.4736842105263158E-002   8.1578947368421070E-002  0.13410311764883928     
   5.0000000000000003E-002   8.1578947368421070E-002  0.13396893144634481     
   5.5263157894736847E-002   8.1578947368421070E-002  0.13339107530616201     
   6.0526315789473692E-002   8.1578947368421070E-002  0.13447868659687312     
   6.5789473684210537E-002   8.1578947368421070E-002  0.14563691694797157     
   7.1052631578947381E-002   8.1578947368421070E-002  0.17744006644477880     
   7.6315789473684226E-002   8.1578947368421070E-002  0.23288244215831716     
   8.1578947368421070E-002   8.1578947368421070E-002  0.30220384017298857     
   8.6842105263157915E-002   8.1578947368421070E-002  0.36009404427185454     
   9.2105263157894759E-002   8.1578947368421070E-002  0.35705918128262887     
   9.7368421052631604E-002   8.1578947368421070E-002  0.20611380431315873     
  0.10000000000000001        8.1578947368421070E-002   0.0000000000000000     
   0.0000000000000000        8.6842105263157915E-002   0.0000000000000000     
   2.6315789473684210E-003   8.6842105263157915E-002  0.24379427473258253     
   7.8947368421052634E-003   8.6842105263157915E-002  0.33971486316181182     
   1.3157894736842105E-002   8.6842105263157915E-002  0.29484607935697688     
   1.8421052631578946E-002   8.6842105263157915E-002  0.23751475758911836     
   2.3684210526315787E-002   8.6842105263157915E-002  0.21495518670918426     
   2.8947368421052628E-002   8.6842105263157915E-002  0.22884454714288149     
   3.4210526315789469E-002   8.6842105263157915E-002  0.25848172015955800     
   3.9473684210526314E-002   8.6842105263157915E-002  0.28736573931530968     
   4.4736842105263158E-002   8.6842105263157915E-002  0.30815621485350558     
   5.0000000000000003E-002   8.6842105263157915E-002  0.31811677006495842     
   5.5263157894736847E-002   8.6842105263157915E-002  0.31611471535332619     
   6.0526315789473692E-002   8.6842105263157915E-002  0.30206136798180389     
   6.5789473684210537E-002   8.6842105263157915E-002  0.27734051650994829     
   7.1052631578947381E-002   8.6842105263157915E-002  0.24753508566023852     
   7.6315789473684226E-002   8.6842105263157915E-002  0.22896047127979785     
   8.1578947368421070E-002   8.6842105263157915E-002  0.24949795209457037     
   8.6842105263157915E-002   8.6842105263157915E-002  0.31372822575556053     
   9.2105263157894759E-002   8.6842105263157915E-002  0.36499778313389081     
   9.7368421052631604E-002   8.6842105263157915E-002  0.26480801689152150     
  0.10000000000000001        8.6842105263157915E-002   0.0000000000000000     
   0.0000000000000000        9.2105263157894759E-002   0.0000000000000000     
   2.6315789473684210E-003   9.2105263157894759E-002  0.29218115289472096     
   7.8947368421052634E-003   9.2105263157894759E-002  0.29645214477956405     
   1.3157894736842105E-002   9.2105263157894759E-002  0.24831017135190500     
   1.8421052631578946E-002   9.2105263157894759E-002  0.29692086955951208     
   2.3684210526315787E-002   9.2105263157894759E-002  0.37137958140944582     
   2.8947368421052628E-002   9.2105263157894759E-002  0.43658527444106576     
   3.4210526315789469E-002   9.2105263157894759E-002  0.48703581178016497     
   3.9473684210526314E-002   9.2105263157894759E-002  0.52285198590402804     
   4.4736842105263158E-002   9.2105263157894759E-002  0.54531289761060864     
   5.0000000000000003E-002   9.2105263157894759E-002  0.55549478131704277     
   5.5263157894736847E-002   9.2105263157894759E-002  0.55356917693120256     
   6.0526315789473692E-002   9.2105263157894759E-002  0.53905653250007612     
   6.5789473684210537E-002   9.2105263157894759E-002  0.51055425607587435     
   7.1052631578947381E-002   9.2105263157894759E-002  0.46582273445815436     
   7.6315789473684226E-002   9.2105263157894759E-002  0.40313299224752924     
   8.1578947368421070E-002   9.2105263157894759E-002  0.32734211938513802     
   8.6842105263157915E-002   9.2105263157894759E-002  0.27371454639410758     
   9.2105263157894759E-002   9.2105263157894759E-002  0.30998597663071376     
   9.7368421052631604E-002   9.2105263157894759E-002  0.30525329447638688     
  0.10000000000000001        9.2105263157894759E-002   0.0000000000000000     
   0.0000000000000000        9.7368421052631604E-002   0.0000000000000000     
   2.6315789473684210E-003   9.7368421052631604E-002  0.40075052827633434     
   7.8947368421052634E-003   9.7368421052631604E-002  0.43233468179750523     
   1.3157894736842105E-002   9.7368421052631604E-002  0.56306393475206207     
   1.8421052631578946E-002   9.7368421052631604E-002  0.67451377378042687     
   2.3684210526315787E-002   9.7368421052631604E-002  0.74106402722070308     
   2.8947368421052628E-002   9.7368421052631604E-002  0.78247624469066168     
   3.4210526315789469E-002   9.7368421052631604E-002  0.80962054680692863     
   3.9473684210526314E-002   9.7368421052631604E-002  0.82703124740940259     
   4.4736842105263158E-002   9.7368421052631604E-002  0.83715708572425340     
   5.0000000000000003E-002   9.7368421052631604E-002  0.84135637536423691     
   5.5263157894736847E-002   9.7368421052631604E-002  0.84003596320356788     
   6.0526315789473692E-002   9.7368421052631604E-002  0.83295945657246351     
   6.5789473684210537E-002   9.7368421052631604E-002  0.81895205581162844     
   7.1052631578947381E-002   9.7368421052631604E-002  0.79545420523333743     
   7.6315789473684226E-002   9.7368421052631604E-002  0.75747207514427339     
   8.1578947368421070E-002   9.7368421052631604E-002  0.69469316270360004     
   8.6842105263157915E-002   9.7368421052631604E-002  0.58800240291556205     
   9.2105263157894759E-002   9.7368421052631604E-002  0.43590532688649086     
   9.7368421052631604E-002   9.7368421052631604E-002  0.30794165851539329     
  0.10000000000000001        9.7368421052631604E-002   0.0000000000000000     
   0.0000000000000000       0.10000000000000001        1.0000000000000000     
   2.6315789473684210E-003  0.10000000000000001        1.0000000000000000     
   7.8947368421052634E-003  0.10000000000000001        1.0000000000000000     
   1.3157894736842105E-002  0.10000000000000001        1.0000000000000000     
   1.8421052631578946E-002  0.10000000000000001        1.0000000000000000     
   2.3684210526315787E-002  0.10000000000000001        1.0000000000000000     
   2.8947368421052628E-002  0.10000000000000001        1.0000000000000000     
   3.4210526315789469E-002  0.10000000000000001        1.0000000000000000     
   3.9473684210526314E-002  0.10000000000000001        1.0000000000000000     
   4.4736842105263158E-002  0.10000000000000001        1.0000000000000000     
   5.0000000000000003E-002  0.10000000000000001        1.0000000000000000     
   5.5263157894736847E-002  0.10000000000000001        1.0000000000000000     
   6.0526315789473692E-002  0.10000000000000001        1.0000000000000000     
   6.5789473684210537E-002  0.10000000000000001        1.0000000000000000     
   7.1052631578947381E-002  0.10000000000000001        1.0000000000000000     
   7.6315789473684226E-002  0.10000000000000001        1.0000000000000000     
   8.1578947368421070E-002  0.10000000000000001        1.0000000000000000     
   8.6842105263157915E-002  0.10000000000000001        1.0000000000000000     
   9.2105263157894759E-002  0.10000000000000001        1.0000000000000000     
   9.7368421052631604E-002  0.10000000000000001        1.0000000000000000     
  0.10000000000000001       0.10000000000000001        1.0000000000000000     
